0    0
1    0
2    210
3    153
4    131
5    118
6    109
7    105
8    102
9    98
10    96
11    95
12    88
13    82
14    80
15    79
16    78
17    75
18    72
19    70
20    68
21    65
22    62
23    60
24    57
25    53
26    48
27    47
28    46
29    43
30    41
31    39
32    39
33    39
34    38
35    38
36    37
37    37
38    36
39    36
40    36
41    36
42    36
43    36
44    36
45    36
46    36
47    36
48    36
49    36
50    36
51    36
52    35
53    35
54    35
55    35
56    35
57    35
58    35
59    35
60    35
61    35
62    35
63    35
64    35
65    35
66    34
67    34
68    34
69    34
70    34
71    34
72    34
73    34
74    34
75    34
76    34
77    33
78    33
79    33
80    33
81    33
82    33
83    33
84    33
85    33
86    33
87    33
88    33
89    33
90    33
91    33
92    33
93    33
94    33
95    33
96    33
97    33
98    33
99    33
100    33
101    32
102    32
103    32
104    32
105    32
106    32
107    32
108    32
109    32
110    32
111    32
112    32
113    32
114    32
115    32
116    32
117    31
118    31
119    31
120    31
121    31
122    31
123    31
124    31
125    31
126    31
127    31
128    30
129    30
130    30
131    30
132    30
133    30
134    30
135    30
136    30
137    30
138    30
139    30
140    30
141    30
142    30
143    30
144    30
145    30
146    30
147    30
148    29
149    29
150    28
151    28
152    28
153    28
154    28
155    28
156    28
157    28
158    28
159    28
160    28
161    28
162    28
163    28
164    28
165    28
166    28
167    28
168    28
169    28
170    28
171    28
172    27
173    27
174    27
175    27
176    27
177    27
178    27
179    26
180    26
181    26
182    26
183    26
184    26
185    26
186    26
187    26
188    26
189    26
190    26
191    26
192    26
193    26
194    26
195    26
196    26
197    26
198    26
199    26
200    25
201    25
202    25
203    25
204    25
205    25
206    24
207    24
208    24
209    24
210    24
211    24
212    24
213    23
214    23
215    23
216    23
217    22
218    22
219    22
220    22
221    22
222    22
223    21
224    21
225    21
226    20
227    20
228    19
229    19
230    19
231    19
232    18
233    18
234    18
235    18
236    18
237    18
238    17
239    17
240    16
241    16
242    16
243    16
244    15
245    15
246    14
247    14
248    13
249    13
250    13
251    13
252    13
253    13
254    13
255    13
256    13
257    13
258    13
259    13
260    11
261    11
262    11
263    11
264    11
265    11
266    11
267    11
268    11
269    11
270    11
271    11
272    11
273    11
274    11
275    11
276    11
277    11
278    11
279    11
280    11
281    11
282    11
283    11
284    11
285    11
286    11
287    11
288    11
289    11
290    11
291    11
292    11
293    11
294    11
295    11
296    11
297    11
298    11
299    11
300    11
301    11
302    11
303    11
304    11
305    11
306    11
307    11
308    11
309    11
310    11
311    11
312    11
313    11
314    11
315    11
316    11
317    11
318    11
319    11
320    11
321    11
322    11
323    11
324    11
325    11
326    11
327    11
328    11
329    11
330    11
331    11
332    11
333    11
334    11
335    11
336    11
337    11
338    11
339    11
340    11
341    11
342    11
343    11
344    11
345    11
346    11
347    11
348    11
349    11
350    11
351    11
352    11
353    11
354    11
355    11
356    11
357    11
358    11
359    11
360    11
361    11
362    11
363    11
364    11
365    11
366    11
367    11
368    11
369    11
370    11
371    11
372    11
373    11
374    11
375    11
376    11
377    11
378    11
379    11
380    11
381    11
382    11
383    11
384    11
385    11
386    11
387    11
388    11
389    11
390    11
391    11
392    11
393    11
394    11
395    11
396    11
397    11
398    11
399    11
400    11
401    11
402    11
403    11
404    11
405    11
406    11
407    11
408    11
409    11
410    11
411    11
412    11
413    11
414    11
415    11
416    11
417    11
418    11
419    11
420    11
421    11
422    11
423    11
424    11
425    11
426    11
427    11
428    11
429    11
430    11
431    11
432    11
433    11
434    11
435    11
436    11
437    11
438    11
439    11
440    11
441    11
442    11
443    11
444    11
445    11
446    11
447    11
448    11
449    11
450    11
451    11
452    11
453    11
454    11
455    11
456    11
457    11
458    11
459    11
460    11
461    11
462    11
463    11
464    11
465    11
466    11
467    11
468    11
469    11
470    10
471    10
472    10
473    10
474    10
475    10
476    10
477    10
478    10
479    10
480    10
481    10
482    10
483    10
484    10
485    10
486    10
487    10
488    10
489    10
490    10
491    10
492    10
493    10
494    9
495    9
496    9
497    9
498    9
499    9
500    9
501    9
502    9
503    9
504    9
505    9
506    9
507    9
508    9
509    9
510    9
511    9
512    9
513    9
514    9
515    9
516    8
517    8
518    8
519    8
520    8
521    8
522    8
523    8
524    8
525    8
526    8
527    8
528    8
529    8
530    8
531    8
532    8
533    8
534    8
535    8
536    8
537    8
538    8
539    8
540    8
541    8
542    8
543    8
544    8
545    8
546    8
547    8
548    8
549    8
550    8
551    8
552    8
553    8
554    8
555    8
556    8
557    8
558    8
559    8
560    8
561    8
562    8
563    8
564    8
565    8
566    8
567    8
568    8
569    8
570    8
571    7
572    7
573    7
574    7
575    7
576    7
577    7
578    7
579    7
580    7
581    7
582    7
583    7
584    7
585    7
586    7
587    7
588    7
589    7
590    7
591    7
592    7
593    7
594    7
595    7
596    7
597    7
598    7
599    7
600    7
601    6
602    6
603    6
604    6
605    6
606    6
607    6
608    6
609    6
610    6
611    6
612    6
613    6
614    6
615    6
616    6
617    6
618    6
619    6
620    6
621    6
622    6
623    6
624    6
625    6
626    6
627    6
628    6
629    6
630    6
631    6
632    6
633    6
634    6
635    6
636    6
637    6
638    6
639    6
640    6
641    6
642    6
643    6
644    6
645    6
646    6
647    6
648    6
649    6
650    6
651    6
652    6
653    6
654    6
655    6
656    6
657    6
658    6
659    6
660    6
661    6
662    6
663    6
664    6
665    6
666    6
667    6
668    6
669    6
670    6
671    6
672    6
673    6
674    6
675    6
676    6
677    6
678    6
679    6
680    6
681    6
682    6
683    6
684    6
685    6
686    6
687    6
688    6
689    6
690    6
691    6
692    6
693    6
694    6
695    6
696    6
697    6
698    6
699    6
700    6
701    6
702    6
703    6
704    6
705    6
706    6
707    6
708    6
709    6
710    6
711    6
712    6
713    6
714    6
715    6
716    6
717    6
718    6
719    6
720    6
721    6
722    6
723    6
724    6
725    6
726    6
727    6
728    6
729    6
730    6
731    6
732    6
733    6
734    6
735    6
736    6
737    6
738    6
739    6
740    6
741    6
742    6
743    6
744    6
745    6
746    6
747    6
748    6
749    6
750    6
751    6
752    6
753    6
754    6
755    6
756    6
757    6
758    6
759    6
760    6
761    6
762    6
763    6
764    6
765    6
766    6
767    6
768    6
769    6
770    6
771    6
772    6
773    6
774    6
775    6
776    6
777    6
778    6
779    6
780    6
781    6
782    6
783    6
784    6
785    6
786    6
787    6
788    6
789    6
790    6
791    6
792    6
793    6
794    6
795    6
796    6
797    6
798    6
799    6
800    6
801    6
802    6
803    6
804    6
805    6
806    6
807    6
808    6
809    6
810    6
811    6
812    6
813    6
814    6
815    6
816    6
817    6
818    6
819    6
820    6
821    6
822    6
823    6
824    6
825    6
826    6
827    6
828    6
829    6
830    6
831    6
832    6
833    6
834    6
835    6
836    6
837    6
838    6
839    6
840    6
841    6
842    6
843    6
844    6
845    6
846    6
847    6
848    6
849    6
850    6
851    6
852    6
853    6
854    6
855    6
856    6
857    6
858    6
859    6
860    6
861    6
862    6
863    6
864    6
865    6
866    6
867    6
868    6
869    6
870    6
871    6
872    6
873    6
874    6
875    6
876    6
877    6
878    6
879    6
880    6
881    6
882    6
883    6
884    6
885    6
886    6
887    6
888    6
889    6
890    6
891    6
892    6
893    6
894    6
895    6
896    6
897    6
898    6
899    6
900    6
901    6
902    6
903    6
904    6
905    6
906    6
907    6
908    6
909    6
910    6
911    6
912    6
913    6
914    6
915    6
916    6
917    6
918    6
919    6
920    6
921    6
922    6
923    6
924    6
925    6
926    6
927    6
928    6
929    6
930    6
931    6
932    6
933    6
934    6
935    6
936    6
937    6
938    6
939    6
940    6
941    6
942    6
943    6
944    6
945    6
946    6
947    6
948    6
949    6
950    6
951    6
952    6
953    6
954    6
955    6
956    6
957    6
958    6
959    6
960    6
961    6
962    6
963    6
964    6
965    6
966    6
967    6
968    6
969    6
970    6
971    6
972    6
973    6
974    6
975    6
976    6
977    6
978    6
979    6
980    6
981    6
982    6
983    6
984    6
985    6
986    6
987    6
988    6
989    6
990    6
991    6
992    6
993    6
994    6
995    6
996    6
997    6
998    6
999    6
1000    6
1001    6
1002    6
1003    6
1004    6
1005    6
1006    6
1007    6
1008    6
1009    6
1010    6
1011    5
1012    5
1013    5
1014    5
1015    5
1016    5
1017    5
1018    5
1019    5
1020    5
1021    5
1022    5
1023    5
1024    5
1025    5
1026    5
1027    5
1028    5
1029    5
1030    5
1031    5
1032    5
1033    5
1034    5
1035    5
1036    5
1037    5
1038    5
1039    5
1040    5
1041    5
1042    5
1043    5
1044    5
1045    5
1046    5
1047    5
1048    5
1049    5
1050    5
1051    5
1052    5
1053    5
1054    5
1055    5
1056    5
1057    5
1058    5
1059    5
1060    5
1061    5
1062    5
1063    5
1064    5
1065    5
1066    5
1067    5
1068    5
1069    5
1070    5
1071    5
1072    5
1073    5
1074    5
1075    5
1076    5
1077    5
1078    5
1079    5
1080    5
1081    5
1082    5
1083    5
1084    5
1085    5
1086    5
1087    5
1088    5
1089    5
1090    5
1091    5
1092    5
1093    5
1094    5
1095    5
1096    5
1097    5
1098    5
1099    5
1100    5
1101    5
1102    5
1103    5
1104    5
1105    5
1106    5
1107    5
1108    5
1109    5
1110    5
1111    5
1112    5
1113    5
1114    5
1115    4
1116    4
1117    4
1118    4
1119    4
1120    4
1121    4
1122    4
1123    4
1124    4
1125    4
1126    4
1127    4
1128    4
1129    4
1130    4
1131    4
1132    4
1133    4
1134    4
1135    4
1136    4
1137    4
1138    4
1139    4
1140    4
1141    4
1142    4
1143    4
1144    4
1145    4
1146    4
1147    4
1148    4
1149    4
1150    4
1151    4
1152    4
1153    4
1154    4
1155    4
1156    4
1157    4
1158    4
1159    4
1160    4
1161    4
1162    4
1163    4
1164    4
1165    4
1166    4
1167    4
1168    4
1169    4
1170    4
1171    4
1172    4
1173    4
1174    4
1175    4
1176    4
1177    4
1178    4
1179    4
1180    4
1181    4
1182    4
1183    4
1184    4
1185    4
1186    4
1187    4
1188    4
1189    4
1190    4
1191    4
1192    4
1193    4
1194    4
1195    4
1196    4
1197    4
1198    4
1199    4
1200    4
1201    4
1202    4
1203    4
1204    4
1205    4
1206    4
1207    4
1208    4
1209    4
1210    4
1211    4
1212    4
1213    4
1214    4
1215    4
1216    4
1217    4
1218    4
1219    4
1220    4
1221    4
1222    4
1223    4
1224    4
1225    4
1226    4
1227    4
1228    4
1229    4
1230    4
1231    4
1232    4
1233    4
1234    4
1235    4
1236    4
1237    4
1238    4
1239    4
1240    4
1241    4
1242    4
1243    4
1244    4
1245    4
1246    4
1247    4
1248    4
1249    4
1250    4
1251    4
1252    4
1253    4
1254    4
1255    4
1256    4
1257    4
1258    4
1259    4
1260    4
1261    4
1262    4
1263    4
1264    4
1265    4
1266    4
1267    4
1268    4
1269    4
1270    4
1271    4
1272    4
1273    4
1274    4
1275    4
1276    3
1277    3
1278    3
1279    3
1280    3
1281    3
1282    3
1283    3
1284    3
1285    3
1286    3
1287    3
1288    3
1289    3
1290    3
1291    3
1292    3
1293    3
1294    3
1295    3
1296    3
1297    3
1298    3
1299    3
1300    3
1301    3
1302    3
1303    3
1304    3
1305    3
1306    3
1307    3
1308    3
1309    3
1310    3
1311    3
1312    3
1313    3
1314    3
1315    3
1316    3
1317    3
1318    3
1319    3
1320    3
1321    3
1322    3
1323    3
1324    3
1325    3
1326    3
1327    3
1328    3
1329    3
1330    3
1331    3
1332    3
1333    3
1334    3
1335    3
1336    3
1337    3
1338    3
1339    3
1340    3
1341    3
1342    3
1343    3
1344    3
1345    3
1346    3
1347    3
1348    3
1349    3
1350    3
1351    3
1352    3
1353    3
1354    3
1355    3
1356    3
1357    3
1358    3
1359    3
1360    3
1361    3
1362    3
1363    3
1364    3
1365    3
1366    3
1367    3
1368    3
1369    3
1370    3
1371    3
1372    3
1373    3
1374    3
1375    3
1376    3
1377    3
1378    3
1379    3
1380    3
1381    3
1382    3
1383    3
1384    3
1385    3
1386    3
1387    3
1388    2
1389    2
1390    2
1391    2
1392    2
1393    2
1394    2
1395    2
1396    2
1397    2
1398    2
1399    2
1400    2
1401    2
1402    2
1403    2
1404    2
1405    2
1406    2
1407    2
1408    2
1409    2
1410    2
1411    2
1412    2
1413    2
1414    2
1415    2
1416    2
1417    2
1418    2
1419    2
1420    2
1421    2
1422    2
1423    2
1424    2
1425    2
1426    2
1427    2
1428    2
1429    2
1430    2
1431    2
1432    2
1433    2
1434    2
1435    2
1436    2
1437    2
1438    2
1439    2
1440    2
1441    2
1442    2
1443    2
1444    2
1445    2
1446    2
1447    2
1448    2
1449    2
1450    2
1451    2
1452    2
1453    2
1454    2
1455    2
1456    2
1457    2
1458    2
1459    2
1460    2
1461    2
1462    2
1463    2
1464    2
1465    2
1466    2
1467    2
1468    2
1469    2
1470    2
1471    2
1472    2
1473    2
1474    2
1475    2
1476    2
1477    2
1478    2
1479    2
1480    2
1481    2
1482    2
1483    2
1484    2
1485    2
1486    2
1487    2
1488    2
1489    2
1490    2
1491    2
1492    2
1493    2
1494    2
1495    2
1496    2
1497    2
1498    2
1499    2
1500    2
1501    2
1502    2
1503    2
1504    2
1505    2
1506    2
1507    2
1508    2
1509    2
1510    2
1511    1
1512    1
1513    1
1514    1
1515    1
1516    1
1517    1
1518    1
1519    1
1520    1
1521    1
1522    1
1523    1
1524    1
1525    1
1526    1
1527    1
1528    1
1529    1
1530    1
1531    1
1532    1
1533    1
1534    1
1535    1
1536    1
1537    1
1538    1
1539    1
1540    1
1541    1
1542    1
1543    1
1544    1
1545    1
1546    1
1547    1
1548    1
1549    1
1550    1
1551    1
1552    1
1553    1
1554    1
1555    1
1556    1
1557    1
1558    1
1559    1
1560    1
1561    1
1562    1
1563    1
1564    1
1565    1
1566    1
1567    1
1568    1
1569    1
1570    1
1571    1
1572    1
1573    1
1574    1
1575    1
1576    1
1577    1
1578    1
1579    1
1580    1
1581    1
1582    1
1583    1
1584    1
1585    1
1586    1
1587    1
1588    1
1589    1
1590    1
1591    1
1592    1
1593    1
1594    1
1595    1
1596    1
1597    1
1598    1
1599    1
1600    1
1601    1
1602    1
1603    1
1604    1
1605    1
1606    1
1607    1
1608    1
1609    1
1610    1
1611    1
1612    1
1613    1
1614    1
1615    1
1616    1
1617    1
1618    1
1619    1
1620    1
1621    1
1622    1
1623    1
1624    1
1625    1
1626    1
1627    1
1628    1
1629    1
1630    1
1631    1
1632    1
1633    1
1634    1
1635    1
1636    1
1637    1
1638    1
1639    1
1640    1
1641    1
1642    1
1643    1
1644    1
1645    1
1646    1
1647    1
1648    1
1649    1
1650    1
1651    1
1652    1
1653    1
1654    1
1655    1
1656    1
1657    1
1658    1
1659    1
1660    1
1661    1
1662    1
1663    1
1664    1
1665    1
1666    1
1667    1
1668    1
1669    1
1670    1
1671    1
1672    1
1673    1
1674    1
1675    1
1676    1
1677    1
1678    1
1679    1
1680    1
1681    1
1682    1
1683    1
1684    1
1685    1
1686    1
1687    1
1688    1
1689    1
1690    1
1691    1
1692    1
1693    1
1694    1
1695    1
1696    1
1697    1
1698    1
1699    1
1700    1
1701    1
1702    1
1703    1
1704    1
1705    1
1706    1
1707    1
1708    1
1709    1
1710    1
1711    1
1712    1
1713    1
1714    1
1715    1
1716    1
1717    1
1718    1
1719    1
1720    1
1721    1
1722    1
1723    1
1724    1
1725    1
1726    1
1727    1
1728    1
1729    1
1730    1
1731    1
1732    1
1733    1
1734    1
1735    1
1736    1
1737    1
1738    1
1739    1
1740    1
1741    1
1742    1
1743    1
1744    1
1745    1
1746    1
1747    1
1748    1
1749    1
1750    1
1751    1
1752    1
1753    1
1754    1
1755    1
1756    1
1757    1
1758    1
1759    1
1760    1
1761    1
1762    1
1763    1
1764    1
1765    1
1766    1
1767    1
1768    1
1769    1
1770    1
1771    1
1772    1
1773    1
1774    1
1775    1
1776    1
1777    1
1778    1
1779    1
1780    1
1781    1
1782    1
1783    1
1784    1
1785    1
1786    1
1787    1
1788    1
1789    1
1790    1
1791    1
1792    1
1793    1
1794    1
1795    1
1796    1
1797    1
1798    1
1799    1
1800    1
1801    1
1802    1
1803    1
1804    1
1805    1
1806    1
1807    1
1808    1
1809    1
1810    1
1811    1
1812    1
1813    1
1814    1
1815    1
1816    1
1817    1
1818    1
1819    1
1820    1
1821    1
1822    1
1823    1
1824    1
1825    1
1826    1
1827    1
1828    1
1829    1
1830    1
1831    1
1832    1
1833    1
1834    1
1835    1
1836    1
1837    1
1838    1
1839    1
1840    1
1841    1
1842    1
1843    1
1844    1
1845    1
1846    1
1847    1
1848    1
1849    1
1850    1
1851    1
1852    1
1853    1
1854    1
1855    1
1856    1
1857    1
1858    1
1859    1
1860    1
1861    1
1862    1
1863    1
1864    1
1865    1
1866    1
1867    1
1868    1
1869    1
1870    1
1871    1
1872    1
1873    1
1874    1
1875    1
1876    1
1877    1
1878    1
1879    1
1880    1
1881    1
1882    1
1883    1
1884    1
1885    1
1886    1
1887    1
1888    1
1889    1
1890    1
1891    1
1892    1
1893    1
1894    1
1895    1
1896    1
1897    1
1898    1
1899    1
1900    1
1901    1
1902    1
1903    1
1904    1
1905    1
1906    1
1907    1
1908    1
1909    1
1910    1
1911    1
1912    1
1913    1
1914    1
1915    1
1916    1
1917    1
1918    1
1919    1
1920    1
1921    1
1922    1
1923    1
1924    1
1925    1
1926    1
1927    1
1928    1
1929    1
1930    1
1931    1
1932    1
1933    1
1934    1
1935    1
1936    1
1937    1
1938    1
1939    1
1940    1
1941    1
1942    1
1943    1
1944    1
1945    1
1946    1
1947    1
1948    1
1949    1
1950    1
1951    1
1952    1
1953    1
1954    1
1955    1
1956    1
1957    1
1958    1
1959    1
1960    1
1961    1
1962    1
1963    1
1964    1
1965    1
1966    1
1967    1
1968    1
1969    1
1970    1
1971    1
1972    1
1973    1
1974    1
1975    1
1976    1
1977    1
1978    1
1979    1
1980    1
1981    1
1982    1
1983    1
1984    1
1985    1
1986    1
1987    1
1988    1
1989    1
1990    1
1991    1
1992    1
1993    1
1994    1
1995    1
1996    1
1997    1
1998    1
1999    1
2000    1
2001    1
2002    1
2003    1
2004    1
2005    1
2006    1
2007    1
2008    1
2009    1
2010    1
2011    1
2012    1
2013    1
2014    1
2015    1
2016    1
2017    1
2018    1
2019    1
2020    1
2021    1
2022    1
2023    1
2024    1
2025    1
2026    1
2027    1
2028    1
2029    1
2030    1
2031    1
2032    1
2033    1
2034    1
2035    1
2036    1
2037    1
2038    1
2039    1
2040    1
2041    1
2042    1
2043    1
2044    1
2045    1
2046    1
2047    1
2048    1
2049    1
2050    1
2051    1
2052    1
2053    1
2054    1
2055    1
2056    1
2057    1
2058    1
2059    1
2060    1
2061    1
2062    1
2063    1
2064    1
2065    1
2066    1
2067    1
2068    1
2069    1
2070    1
2071    1
2072    1
2073    1
2074    1
2075    1
2076    1
2077    1
2078    1
2079    1
2080    1
2081    1
2082    1
2083    1
2084    1
2085    1
2086    1
2087    1
2088    1
2089    1
2090    1
2091    1
2092    1
2093    1
2094    1
2095    1
2096    1
2097    1
2098    1
2099    1
2100    1
2101    1
2102    1
2103    1
2104    1
2105    1
2106    1
2107    1
2108    1
2109    1
2110    1
2111    1
2112    1
2113    1
2114    1
2115    1
2116    1
2117    1
2118    1
2119    1
2120    1
2121    1
2122    1
2123    1
2124    1
2125    1
2126    1
2127    1
2128    1
2129    1
2130    1
2131    1
2132    1
2133    1
2134    1
2135    1
2136    1
2137    1
2138    1
2139    1
2140    1
2141    1
2142    1
2143    1
2144    1
2145    1
2146    1
2147    1
2148    1
2149    1
2150    1
2151    1
2152    1
2153    1
2154    1
2155    1
2156    1
2157    1
2158    1
2159    1
2160    1
2161    1
2162    1
2163    1
2164    1
2165    1
2166    1
2167    1
2168    1
2169    1
2170    1
2171    1
2172    1
2173    1
2174    1
2175    1
2176    1
2177    1
2178    1
2179    1
2180    1
2181    1
2182    1
2183    1
2184    1
2185    1
2186    1
2187    1
2188    1
2189    1
2190    1
2191    1
2192    1
2193    1
2194    1
2195    1
2196    1
2197    1
2198    1
2199    1
2200    1
2201    1
2202    1
2203    1
2204    1
2205    1
2206    1
2207    1
2208    1
2209    1
2210    1
2211    1
2212    1
2213    1
2214    1
2215    1
2216    1
2217    1
2218    1
2219    1
2220    1
2221    1
2222    1
2223    1
2224    1
2225    1
2226    1
2227    1
2228    1
2229    1
2230    1
2231    1
2232    1
2233    1
2234    1
2235    1
2236    1
2237    1
2238    1
2239    1
2240    1
2241    1
2242    1
2243    1
2244    1
2245    1
2246    1
2247    1
2248    1
2249    1
2250    1
2251    1
2252    1
2253    1
2254    1
2255    1
2256    1
2257    1
2258    1
2259    1
2260    1
2261    1
2262    1
2263    1
2264    1
2265    1
2266    1
2267    1
2268    1
2269    1
2270    1
2271    1
2272    1
2273    1
2274    1
2275    1
2276    1
2277    1
2278    1
2279    1
2280    1
2281    1
2282    1
2283    1
2284    1
2285    1
2286    1
2287    1
2288    1
2289    1
2290    1
2291    1
2292    1
2293    1
2294    1
2295    1
2296    1
2297    1
2298    1
2299    1
2300    1
2301    1
2302    1
2303    1
2304    1
2305    1
2306    1
2307    1
2308    1
2309    1
2310    1
2311    1
2312    1
2313    1
2314    1
2315    1
2316    1
2317    1
2318    1
2319    1
2320    1
2321    1
2322    1
2323    1
2324    1
2325    1
2326    1
2327    1
2328    1
2329    1
2330    1
2331    1
2332    1
2333    1
2334    1
2335    1
2336    1
2337    1
2338    1
2339    1
2340    1
2341    1
2342    1
2343    1
2344    1
2345    1
2346    1
2347    1
2348    1
2349    1
2350    1
2351    1
2352    1
2353    1
2354    1
2355    1
2356    1
2357    1
2358    1
2359    1
2360    1
2361    1
2362    1
2363    1
2364    1
2365    1
2366    1
2367    1
2368    1
2369    1
2370    1
2371    1
2372    1
2373    1
2374    1
2375    1
2376    1
2377    1
2378    1
2379    1
2380    1
2381    1
2382    1
2383    1
2384    1
2385    1
2386    1
2387    1
2388    1
2389    1
2390    1
2391    1
2392    1
2393    1
2394    1
2395    1
2396    1
2397    1
2398    1
2399    1
2400    1
2401    1
2402    1
2403    1
2404    1
2405    1
2406    1
2407    1
2408    1
2409    1
2410    1
2411    1
2412    1
2413    1
2414    1
2415    1
2416    1
2417    1
2418    1
2419    1
2420    1
2421    1
2422    1
2423    1
2424    1
2425    1
2426    1
2427    1
2428    1
2429    1
2430    1
2431    1
2432    1
2433    1
2434    1
2435    1
2436    1
2437    1
2438    1
2439    1
2440    1
2441    1
2442    1
2443    1
2444    1
2445    1
2446    1
2447    1
2448    1
2449    1
2450    1
2451    1
2452    1
2453    1
2454    1
2455    1
2456    1
2457    1
2458    1
2459    1
2460    1
2461    1
2462    1
2463    1
2464    1
2465    1
2466    1
2467    1
2468    1
2469    1
2470    1
2471    1
2472    1
2473    1
2474    1
2475    1
2476    1
2477    1
2478    1
2479    1
2480    1
2481    1
2482    1
2483    1
2484    1
2485    1
2486    1
2487    1
2488    1
2489    1
2490    1
2491    1
2492    1
2493    1
2494    1
2495    1
2496    1
2497    1
2498    1
2499    1
2500    1
2501    1
2502    1
2503    1
2504    1
2505    1
2506    1
2507    1
2508    1
2509    1
2510    1
2511    1
2512    1
2513    1
2514    1
2515    1
2516    1
2517    1
2518    1
2519    1
2520    1
2521    1
2522    1
2523    1
2524    1
2525    1
2526    1
2527    1
2528    1
2529    1
2530    1
2531    1
2532    1
2533    1
2534    1
2535    1
2536    1
2537    1
2538    1
2539    1
2540    1
2541    1
2542    1
2543    1
2544    1
2545    1
2546    1
2547    1
2548    1
2549    1
2550    1
2551    1
2552    1
2553    1
2554    1
2555    1
2556    1
2557    1
2558    1
2559    1
2560    1
2561    1
2562    1
2563    1
2564    1
2565    1
2566    1
2567    1
2568    1
2569    1
2570    1
2571    1
2572    1
2573    1
2574    1
2575    1
2576    1
2577    1
2578    1
2579    1
2580    1
2581    1
2582    1
2583    1
2584    1
2585    1
2586    1
2587    1
2588    1
2589    1
2590    1
2591    1
2592    1
2593    1
2594    1
2595    1
2596    1
2597    1
2598    1
2599    1
2600    1
2601    1
2602    1
2603    1
2604    1
2605    1
2606    1
2607    1
2608    1
2609    1
2610    1
2611    1
2612    1
2613    1
2614    1
2615    1
2616    1
2617    1
2618    1
2619    1
2620    1
2621    1
2622    1
2623    1
2624    1
2625    1
2626    1
2627    1
2628    1
2629    1
2630    1
2631    1
2632    1
2633    1
2634    1
2635    1
2636    1
2637    1
2638    1
2639    1
2640    1
2641    1
2642    1
2643    1
2644    1
2645    1
2646    1
2647    1
2648    1
2649    1
2650    1
2651    1
2652    1
2653    1
2654    1
2655    1
2656    1
2657    1
2658    1
2659    1
2660    1
2661    1
2662    1
2663    1
2664    1
2665    1
2666    1
2667    1
2668    1
2669    1
2670    1
2671    1
2672    1
2673    1
2674    1
2675    1
2676    1
2677    1
2678    1
2679    1
2680    1
2681    1
2682    1
2683    1
2684    1
2685    1
2686    1
2687    1
2688    1
2689    1
2690    1
2691    1
2692    1
2693    1
2694    1
2695    1
2696    1
2697    1
2698    1
2699    1
2700    1
2701    1
2702    1
2703    1
2704    1
2705    1
2706    1
2707    1
2708    1
2709    1
2710    1
2711    1
2712    1
2713    1
2714    1
2715    1
2716    1
2717    1
2718    1
2719    1
2720    1
2721    1
2722    1
2723    1
2724    1
2725    1
2726    1
2727    1
2728    1
2729    1
2730    1
2731    1
2732    1
2733    1
2734    1
2735    1
2736    1
2737    1
2738    1
2739    1
2740    1
2741    1
2742    1
2743    1
2744    1
2745    1
2746    1
2747    1
2748    1
2749    1
2750    1
2751    1
2752    1
2753    1
2754    1
2755    1
2756    1
2757    1
2758    1
2759    1
2760    1
2761    1
2762    1
2763    1
2764    1
2765    1
2766    1
2767    1
2768    1
2769    1
2770    1
2771    1
2772    1
2773    1
2774    1
2775    1
2776    1
2777    1
2778    1
2779    1
2780    1
2781    1
2782    1
2783    1
2784    1
2785    1
2786    1
2787    1
2788    1
2789    1
2790    1
2791    1
2792    1
2793    1
2794    1
2795    1
2796    1
2797    1
2798    1
2799    1
2800    1
2801    1
2802    1
2803    1
2804    1
2805    1
2806    1
2807    1
2808    1
2809    1
2810    1
2811    1
2812    1
2813    1
2814    1
2815    1
2816    1
2817    1
2818    1
2819    1
2820    1
2821    1
2822    1
2823    1
2824    1
2825    1
2826    1
2827    1
2828    1
2829    1
2830    1
2831    1
2832    1
2833    1
2834    1
2835    1
2836    1
2837    1
2838    1
2839    1
2840    1
2841    1
2842    1
2843    1
2844    1
2845    1
2846    1
2847    1
2848    1
2849    1
2850    1
2851    1
2852    1
2853    1
2854    1
2855    1
2856    1
2857    1
2858    1
2859    1
2860    1
2861    1
2862    1
2863    1
2864    1
2865    1
2866    1
2867    1
2868    1
2869    1
2870    1
2871    1
2872    1
2873    1
2874    1
2875    1
2876    1
2877    1
2878    1
2879    1
2880    1
2881    1
2882    1
2883    1
2884    1
2885    1
2886    1
2887    1
2888    1
2889    1
2890    1
2891    1
2892    1
2893    1
2894    1
2895    1
2896    1
2897    1
2898    1
2899    1
2900    1
2901    1
2902    1
2903    1
2904    1
2905    1
2906    1
2907    1
2908    1
2909    1
2910    1
2911    1
2912    1
2913    1
2914    1
2915    1
2916    1
2917    1
2918    1
2919    1
2920    1
2921    1
2922    1
2923    1
2924    1
2925    1
2926    1
2927    1
2928    1
2929    1
2930    1
2931    1
2932    1
2933    1
2934    1
2935    1
2936    1
2937    1
2938    1
2939    1
2940    1
2941    1
2942    1
2943    1
2944    1
2945    1
2946    1
2947    1
2948    1
2949    1
2950    1
2951    1
2952    1
2953    1
2954    1
2955    1
2956    1
2957    1
2958    1
2959    1
2960    1
2961    1
2962    1
2963    1
2964    1
2965    1
2966    1
2967    1
2968    1
2969    1
2970    1
2971    1
2972    1
2973    1
2974    1
2975    1
2976    1
2977    1
2978    1
2979    1
2980    1
2981    1
2982    1
2983    1
2984    1
2985    1
2986    1
2987    1
2988    1
2989    1
2990    1
2991    1
2992    1
2993    1
2994    1
2995    1
2996    1
2997    1
2998    1
2999    1
3000    1
3001    1
3002    1
3003    1
3004    1
3005    1
3006    1
3007    1
3008    1
3009    1
3010    1
3011    1
3012    1
3013    1
3014    1
3015    1
3016    1
3017    1
3018    1
3019    1
3020    1
3021    1
3022    1
3023    1
3024    1
3025    1
3026    1
3027    1
3028    1
3029    1
3030    1
3031    1
3032    1
3033    1
3034    1
3035    1
3036    1
3037    1
3038    1
3039    1
3040    1
3041    1
3042    1
3043    1
3044    1
3045    1
3046    1
3047    1
3048    1
3049    1
3050    1
3051    1
3052    1
3053    1
3054    1
3055    1
3056    1
3057    1
3058    1
3059    1
3060    1
3061    1
3062    1
3063    1
3064    1
3065    1
3066    1
3067    1
3068    1
3069    1
3070    1
3071    1
3072    1
3073    1
3074    1
3075    1
3076    1
3077    1
3078    1
3079    1
3080    1
3081    1
3082    1
3083    1
3084    1
3085    1
3086    1
3087    1
3088    1
3089    1
3090    1
3091    1
3092    1
3093    1
3094    1
3095    1
3096    1
3097    1
3098    1
3099    1
3100    1
3101    1
3102    1
3103    1
3104    1
3105    1
3106    1
3107    1
3108    1
3109    1
3110    1
3111    1
3112    1
3113    1
3114    1
3115    1
3116    1
3117    1
3118    1
3119    1
3120    1
3121    1
3122    1
3123    1
3124    1
3125    1
3126    1
3127    1
3128    1
3129    1
3130    1
3131    1
3132    1
3133    1
3134    1
3135    1
3136    1
3137    1
3138    1
3139    1
3140    1
3141    1
3142    1
3143    1
3144    1
3145    1
3146    1
3147    1
3148    1
3149    1
3150    1
3151    1
3152    1
3153    1
3154    1
3155    1
3156    1
3157    1
3158    1
3159    1
3160    1
3161    1
3162    1
3163    1
3164    1
3165    1
3166    1
3167    1
3168    1
3169    1
3170    1
3171    1
3172    1
3173    1
3174    1
3175    1
3176    1
3177    1
3178    1
3179    1
3180    1
3181    1
3182    1
3183    1
3184    1
3185    1
3186    1
3187    1
3188    1
3189    1
3190    1
3191    1
3192    1
3193    1
3194    1
3195    1
3196    1
3197    1
3198    1
3199    1
3200    1
3201    1
3202    1
3203    1
3204    1
3205    1
3206    1
3207    1
3208    1
3209    1
3210    1
3211    1
3212    1
3213    1
3214    1
3215    1
3216    1
3217    1
3218    1
3219    1
3220    1
3221    1
3222    1
3223    1
3224    1
3225    1
3226    1
3227    1
3228    1
3229    1
3230    1
3231    1
3232    1
3233    1
3234    1
3235    1
3236    1
3237    1
3238    1
3239    1
3240    1
3241    1
3242    1
3243    1
3244    1
3245    1
3246    1
3247    1
3248    1
3249    1
3250    1
3251    1
3252    1
3253    1
3254    1
3255    1
3256    1
3257    1
3258    1
3259    1
3260    1
3261    1
3262    1
3263    1
3264    1
3265    1
3266    1
3267    1
3268    1
3269    1
3270    1
3271    1
3272    1
3273    1
3274    1
3275    1
3276    1
3277    1
3278    1
3279    1
3280    1
3281    1
3282    1
3283    1
3284    1
3285    1
3286    1
3287    1
3288    1
3289    1
3290    1
3291    1
3292    1
3293    1
3294    1
3295    1
3296    1
3297    1
3298    1
3299    1
3300    1
3301    1
3302    1
3303    1
3304    1
3305    1
3306    1
3307    1
3308    1
3309    1
3310    1
3311    1
3312    1
3313    1
3314    1
3315    1
3316    1
3317    1
3318    1
3319    1
3320    1
3321    1
3322    1
3323    1
3324    1
3325    1
3326    1
3327    1
3328    1
3329    1
3330    1
3331    1
3332    1
3333    1
3334    1
3335    1
3336    1
3337    1
3338    1
3339    1
3340    1
3341    1
3342    1
3343    1
3344    1
3345    1
3346    1
3347    1
3348    1
3349    1
3350    1
3351    1
3352    1
3353    1
3354    1
3355    1
3356    1
3357    1
3358    1
3359    1
3360    1
3361    1
3362    1
3363    1
3364    1
3365    1
3366    1
3367    1
3368    1
3369    1
3370    1
3371    1
3372    1
3373    1
3374    1
3375    1
3376    1
3377    1
3378    1
3379    1
3380    1
3381    1
3382    1
3383    1
3384    1
3385    1
3386    1
3387    1
3388    1
3389    1
3390    1
3391    1
3392    1
3393    1
3394    1
3395    1
3396    1
3397    1
3398    1
3399    1
3400    1
3401    1
3402    1
3403    1
3404    1
3405    1
3406    1
3407    1
3408    1
3409    1
3410    1
3411    1
3412    1
3413    1
3414    1
3415    1
3416    1
3417    1
3418    1
3419    1
3420    1
3421    1
3422    1
3423    1
3424    1
3425    1
3426    1
3427    1
3428    1
3429    1
3430    1
3431    1
3432    1
3433    1
3434    1
3435    1
3436    1
3437    1
3438    1
3439    1
3440    1
3441    1
3442    1
3443    1
3444    1
3445    1
3446    1
3447    1
3448    1
3449    1
3450    1
3451    1
3452    1
3453    1
3454    1
3455    1
3456    1
3457    1
3458    1
3459    1
3460    1
3461    1
3462    1
3463    1
3464    1
3465    1
3466    1
3467    1
3468    1
3469    1
3470    1
3471    1
3472    1
3473    1
3474    1
3475    1
3476    1
3477    1
3478    1
3479    1
3480    1
3481    1
3482    1
3483    1
3484    1
3485    1
3486    1
3487    1
3488    1
3489    1
3490    1
3491    1
3492    1
3493    1
3494    1
3495    1
3496    1
3497    1
3498    1
3499    1
3500    1
3501    1
3502    1
3503    1
3504    1
3505    1
3506    1
3507    1
3508    1
3509    1
3510    1
3511    1
3512    1
3513    1
3514    1
3515    1
3516    1
3517    1
3518    1
3519    1
3520    1
3521    1
3522    1
3523    1
3524    1
3525    1
3526    1
3527    1
3528    1
3529    1
3530    1
3531    1
3532    1
3533    1
3534    1
3535    1
3536    1
3537    1
3538    1
3539    1
3540    1
3541    1
3542    1
3543    1
3544    1
3545    1
3546    1
3547    1
3548    1
3549    1
3550    1
3551    1
3552    1
3553    1
3554    1
3555    1
3556    1
3557    1
3558    1
3559    1
3560    1
3561    1
3562    1
3563    1
3564    1
3565    1
3566    1
3567    1
3568    1
3569    1
3570    1
3571    1
3572    1
3573    1
3574    1
3575    1
3576    1
3577    1
3578    1
3579    1
3580    1
3581    1
3582    1
3583    1
3584    1
3585    1
3586    1
3587    1
3588    1
3589    1
3590    1
3591    1
3592    1
3593    1
3594    1
3595    1
3596    1
3597    1
3598    1
3599    1
3600    1
3601    1
3602    1
3603    1
3604    1
3605    1
3606    1
3607    1
3608    1
3609    1
3610    1
3611    1
3612    1
3613    1
3614    1
3615    1
3616    1
3617    1
3618    1
3619    1
3620    1
3621    1
3622    1
3623    1
3624    1
3625    1
3626    1
3627    1
3628    1
3629    1
3630    1
3631    1
3632    1
3633    1
3634    1
3635    1
3636    1
3637    1
3638    1
3639    1
3640    1
3641    1
3642    1
3643    1
3644    1
3645    1
3646    1
3647    1
3648    1
3649    1
3650    1
3651    1
3652    1
3653    1
3654    1
3655    1
3656    1
3657    1
3658    1
3659    1
3660    1
3661    1
3662    1
3663    1
3664    1
3665    1
3666    1
3667    1
3668    1
3669    1
3670    1
3671    1
3672    1
3673    1
3674    1
3675    1
3676    1
3677    1
3678    1
3679    1
3680    1
3681    1
3682    1
3683    1
3684    1
3685    1
3686    1
3687    1
3688    1
3689    1
3690    1
3691    1
3692    1
3693    1
3694    1
3695    1
3696    1
3697    1
3698    1
3699    1
3700    1
3701    1
3702    1
3703    1
3704    1
3705    1
3706    1
3707    1
3708    1
3709    1
3710    1
3711    1
3712    1
3713    1
3714    1
3715    1
3716    1
3717    1
3718    1
3719    1
3720    1
3721    1
3722    1
3723    1
3724    1
3725    1
3726    1
3727    1
3728    1
3729    1
3730    1
3731    1
3732    1
3733    1
3734    1
3735    1
3736    1
3737    1
3738    1
3739    1
3740    1
3741    1
3742    1
3743    1
3744    1
3745    1
3746    1
3747    1
3748    1
3749    1
3750    1
3751    1
3752    1
3753    1
3754    1
3755    1
3756    1
3757    1
3758    1
3759    1
3760    1
3761    1
3762    1
3763    1
3764    1
3765    1
3766    1
3767    1
3768    1
3769    1
3770    1
3771    1
3772    1
3773    1
3774    1
3775    1
3776    1
3777    1
3778    1
3779    1
3780    1
3781    1
3782    1
3783    1
3784    1
3785    1
3786    1
3787    1
3788    1
3789    1
3790    1
3791    1
3792    1
3793    1
3794    1
3795    1
3796    1
3797    1
3798    1
3799    1
3800    1
3801    1
3802    1
3803    1
3804    1
3805    1
3806    1
3807    1
3808    1
3809    1
3810    1
3811    1
3812    1
3813    1
3814    1
3815    1
3816    1
3817    1
3818    1
3819    1
3820    1
3821    1
3822    1
3823    1
3824    1
3825    1
3826    1
3827    1
3828    1
3829    1
3830    1
3831    1
3832    1
3833    1
3834    1
3835    1
3836    1
3837    1
3838    1
3839    1
3840    1
3841    1
3842    1
3843    1
3844    1
3845    1
3846    1
3847    1
3848    1
3849    1
3850    1
3851    1
3852    1
3853    1
3854    1
3855    1
3856    1
3857    1
3858    1
3859    1
3860    1
3861    1
3862    1
3863    1
3864    1
3865    1
3866    1
3867    1
3868    1
3869    1
3870    1
3871    1
3872    1
3873    1
3874    1
3875    1
3876    1
3877    1
3878    1
3879    1
3880    1
3881    1
3882    1
3883    1
3884    1
3885    1
3886    1
3887    1
3888    1
3889    1
3890    1
3891    1
3892    1
3893    1
3894    1
3895    1
3896    1
3897    1
3898    1
3899    1
3900    1
3901    1
3902    1
3903    1
3904    1
3905    1
3906    1
3907    1
3908    1
3909    1
3910    1
3911    1
3912    1
3913    1
3914    1
3915    1
3916    1
3917    1
3918    1
3919    1
3920    1
3921    1
3922    1
3923    1
3924    1
3925    1
3926    1
3927    1
3928    1
3929    1
3930    1
3931    1
3932    1
3933    1
3934    1
3935    1
3936    1
3937    1
3938    1
3939    1
3940    1
3941    1
3942    1
3943    1
3944    1
3945    1
3946    1
3947    1
3948    1
3949    1
3950    1
3951    1
3952    1
3953    1
3954    1
3955    1
3956    1
3957    1
3958    1
3959    1
3960    1
3961    1
3962    1
3963    1
3964    1
3965    1
3966    1
3967    1
3968    1
3969    1
3970    1
3971    1
3972    1
3973    1
3974    1
3975    1
3976    1
3977    1
3978    1
3979    1
3980    1
3981    1
3982    1
3983    1
3984    1
3985    1
3986    1
3987    1
3988    1
3989    1
3990    1
3991    1
3992    1
3993    1
3994    1
3995    1
3996    1
3997    1
3998    1
3999    1
4000    1
4001    1
4002    1
4003    1
4004    1
4005    1
4006    1
4007    1
4008    1
4009    1
4010    1
4011    1
4012    1
4013    1
4014    1
4015    1
4016    1
4017    1
4018    1
4019    1
4020    1
4021    1
4022    1
4023    1
4024    1
4025    1
4026    1
4027    1
4028    1
4029    1
4030    1
4031    1
4032    1
4033    1
4034    1
4035    1
4036    1
4037    1
4038    1
4039    1
4040    1
4041    1
4042    1
4043    1
4044    1
4045    1
4046    1
4047    1
4048    1
4049    1
4050    1
4051    1
4052    1
4053    1
4054    1
4055    1
4056    1
4057    1
4058    1
4059    1
4060    1
4061    1
4062    1
4063    1
4064    1
4065    1
4066    1
4067    1
4068    1
4069    1
4070    1
4071    1
4072    1
4073    1
4074    1
4075    1
4076    1
4077    1
4078    1
4079    1
4080    1
4081    1
4082    1
4083    1
4084    1
4085    1
4086    1
4087    1
4088    1
4089    1
4090    1
4091    1
4092    1
4093    1
4094    1
4095    1
4096    1
4097    1
4098    1
4099    1
4100    1
4101    1
4102    1
4103    1
4104    1
4105    1
4106    1
4107    1
4108    1
4109    1
4110    1
4111    1
4112    1
4113    1
4114    1
4115    1
4116    1
4117    1
4118    1
4119    1
4120    1
4121    1
4122    1
4123    1
4124    1
4125    1
4126    1
4127    1
4128    1
4129    1
4130    1
4131    1
4132    1
4133    1
4134    1
4135    1
4136    1
4137    1
4138    1
4139    1
4140    1
4141    1
4142    1
4143    1
4144    1
4145    1
4146    1
4147    1
4148    1
4149    1
4150    1
4151    1
4152    1
4153    1
4154    1
4155    1
4156    1
4157    1
4158    1
4159    1
4160    1
4161    1
4162    1
4163    1
4164    1
4165    1
4166    1
4167    1
4168    1
4169    1
4170    1
4171    1
4172    1
4173    1
4174    1
4175    1
4176    1
4177    1
4178    1
4179    1
4180    1
4181    1
4182    1
4183    1
4184    1
4185    1
4186    1
4187    1
4188    1
4189    1
4190    1
4191    1
4192    1
4193    1
4194    1
4195    1
4196    1
4197    1
4198    1
4199    1
4200    1
4201    1
4202    1
4203    1
4204    1
4205    1
4206    1
4207    1
4208    1
4209    1
4210    1
4211    1
4212    1
4213    1
4214    1
4215    1
4216    1
4217    1
4218    1
4219    1
4220    1
4221    1
4222    1
4223    1
4224    1
4225    1
4226    1
4227    1
4228    1
4229    1
4230    1
4231    1
4232    1
4233    1
4234    1
4235    1
4236    1
4237    1
4238    1
4239    1
4240    1
4241    1
4242    0
4243    0
4244    0
4245    0
4246    0
4247    0
4248    0
4249    0
4250    0
4251    0
4252    0
4253    0
4254    0
4255    0
4256    0
4257    0
4258    0
4259    0
4260    0
4261    0
4262    0
4263    0
4264    0
4265    0
4266    0
4267    0
4268    0
4269    0
4270    0
4271    0
4272    0
4273    0
4274    0
4275    0
4276    0
4277    0
4278    0
4279    0
4280    0
4281    0
4282    0
4283    0
4284    0
4285    0
4286    0
4287    0
4288    0
4289    0
4290    0
4291    0
4292    0
4293    0
4294    0
4295    0
4296    0
4297    0
4298    0
4299    0
4300    0
4301    0
4302    0
4303    0
4304    0
4305    0
4306    0
4307    0
4308    0
4309    0
4310    0
4311    0
4312    0
4313    0
4314    0
4315    0
4316    0
4317    0
4318    0
4319    0
4320    0
4321    0
4322    0
4323    0
4324    0
4325    0
4326    0
4327    0
4328    0
4329    0
4330    0
4331    0
4332    0
4333    0
4334    0
4335    0
4336    0
4337    0
4338    0
4339    0
4340    0
4341    0
4342    0
4343    0
4344    0
4345    0
4346    0
4347    0
4348    0
4349    0
4350    0
4351    0
4352    0
4353    0
4354    0
4355    0
4356    0
4357    0
4358    0
4359    0
4360    0
4361    0
4362    0
4363    0
4364    0
4365    0
4366    0
4367    0
4368    0
4369    0
4370    0
4371    0
4372    0
4373    0
4374    0
4375    0
4376    0
4377    0
4378    0
4379    0
4380    0
4381    0
4382    0
4383    0
4384    0
4385    0
4386    0
4387    0
4388    0
4389    0
4390    0
4391    0
4392    0
4393    0
4394    0
4395    0
4396    0
4397    0
4398    0
4399    0
4400    0
4401    0
4402    0
4403    0
4404    0
4405    0
4406    0
4407    0
4408    0
4409    0
4410    0
4411    0
4412    0
4413    0
4414    0
4415    0
4416    0
4417    0
4418    0
4419    0
4420    0
4421    0
4422    0
4423    0
4424    0
4425    0
4426    0
4427    0
4428    0
4429    0
4430    0
4431    0
4432    0
4433    0
4434    0
4435    0
4436    0
4437    0
4438    0
4439    0
4440    0
4441    0
4442    0
4443    0
4444    0
4445    0
4446    0
4447    0
4448    0
4449    0
4450    0
4451    0
4452    0
4453    0
4454    0
4455    0
4456    0
4457    0
4458    0
4459    0
4460    0
4461    0
4462    0
4463    0
4464    0
4465    0
4466    0
4467    0
4468    0
4469    0
4470    0
4471    0
4472    0
4473    0
4474    0
4475    0
4476    0
4477    0
4478    0
4479    0
4480    0
4481    0
4482    0
4483    0
4484    0
4485    0
4486    0
4487    0
4488    0
4489    0
4490    0
4491    0
4492    0
4493    0
4494    0
4495    0
4496    0
4497    0
4498    0
4499    0
4500    0
4501    0
4502    0
4503    0
4504    0
4505    0
4506    0
4507    0
4508    0
4509    0
4510    0
4511    0
4512    0
4513    0
4514    0
4515    0
4516    0
4517    0
4518    0
4519    0
4520    0
4521    0
4522    0
4523    0
4524    0
4525    0
4526    0
4527    0
4528    0
4529    0
4530    0
4531    0
4532    0
4533    0
4534    0
4535    0
4536    0
4537    0
4538    0
4539    0
4540    0
4541    0
4542    0
4543    0
4544    0
4545    0
4546    0
4547    0
4548    0
4549    0
4550    0
4551    0
4552    0
4553    0
4554    0
4555    0
4556    0
4557    0
4558    0
4559    0
4560    0
4561    0
4562    0
4563    0
4564    0
4565    0
4566    0
4567    0
4568    0
4569    0
4570    0
4571    0
4572    0
4573    0
4574    0
4575    0
4576    0
4577    0
4578    0
4579    0
4580    0
4581    0
4582    0
4583    0
4584    0
4585    0
4586    0
4587    0
4588    0
4589    0
4590    0
4591    0
4592    0
4593    0
4594    0
4595    0
4596    0
4597    0
4598    0
4599    0
4600    0
4601    0
4602    0
4603    0
4604    0
4605    0
4606    0
4607    0
4608    0
4609    0
4610    0
4611    0
4612    0
4613    0
4614    0
4615    0
4616    0
4617    0
4618    0
4619    0
4620    0
4621    0
4622    0
4623    0
4624    0
4625    0
4626    0
4627    0
4628    0
4629    0
4630    0
4631    0
4632    0
4633    0
4634    0
4635    0
4636    0
4637    0
4638    0
4639    0
4640    0
4641    0
4642    0
4643    0
4644    0
4645    0
4646    0
4647    0
4648    0
4649    0
4650    0
4651    0
4652    0
4653    0
4654    0
4655    0
4656    0
4657    0
4658    0
4659    0
4660    0
4661    0
4662    0
4663    0
4664    0
4665    0
4666    0
4667    0
4668    0
4669    0
4670    0
4671    0
4672    0
4673    0
4674    0
4675    0
4676    0
4677    0
4678    0
4679    0
4680    0
4681    0
4682    0
4683    0
4684    0
4685    0
4686    0
4687    0
4688    0
4689    0
4690    0
4691    0
4692    0
4693    0
4694    0
4695    0
4696    0
4697    0
4698    0
4699    0
4700    0
4701    0
4702    0
4703    0
4704    0
4705    0
4706    0
4707    0
4708    0
4709    0
4710    0
4711    0
4712    0
4713    0
4714    0
4715    0
4716    0
4717    0
4718    0
4719    0
4720    0
4721    0
4722    0
4723    0
4724    0
4725    0
4726    0
4727    0
4728    0
4729    0
4730    0
4731    0
4732    0
4733    0
4734    0
4735    0
4736    0
4737    0
4738    0
4739    0
4740    0
4741    0
4742    0
4743    0
4744    0
4745    0
4746    0
4747    0
4748    0
4749    0
4750    0
4751    0
4752    0
4753    0
4754    0
4755    0
4756    0
4757    0
4758    0
4759    0
4760    0
4761    0
4762    0
4763    0
4764    0
4765    0
4766    0
4767    0
4768    0
4769    0
4770    0
4771    0
4772    0
4773    0
4774    0
4775    0
4776    0
4777    0
4778    0
4779    0
4780    0
4781    0
4782    0
4783    0
4784    0
4785    0
4786    0
4787    0
4788    0
4789    0
4790    0
4791    0
4792    0
4793    0
4794    0
4795    0
4796    0
4797    0
4798    0
4799    0
4800    0
4801    0
4802    0
4803    0
4804    0
4805    0
4806    0
4807    0
4808    0
4809    0
4810    0
4811    0
4812    0
4813    0
4814    0
4815    0
4816    0
4817    0
4818    0
4819    0
4820    0
4821    0
4822    0
4823    0
4824    0
4825    0
4826    0
4827    0
4828    0
4829    0
4830    0
4831    0
4832    0
4833    0
4834    0
4835    0
4836    0
4837    0
4838    0
4839    0
4840    0
4841    0
4842    0
4843    0
4844    0
4845    0
4846    0
4847    0
4848    0
4849    0
4850    0
4851    0
